{
 "cells": [
  {
   "cell_type": "code",
   "execution_count": 1,
   "metadata": {
    "collapsed": true
   },
   "outputs": [],
   "source": [
    "%matplotlib inline\n",
    "import numpy as np\n",
    "import matplotlib.pyplot as plt\n",
    "import pandas as pd\n",
    "import os\n",
    "pd.options.display.max_columns=100"
   ]
  },
  {
   "cell_type": "code",
   "execution_count": 2,
   "metadata": {
    "collapsed": false
   },
   "outputs": [],
   "source": [
    "norm_loc = '.\\\\simple_norm_data\\\\'\n",
    "files = os.listdir(norm_loc)\n",
    "\n",
    "ethanol_water = {'w01':[], 'w02':[], 'w03':[],\n",
    "                 'e01':[], 'e02':[], 'e03':[]}\n",
    "\n",
    "mapper = {\n",
    "'A':{1:'S1', 2:'S1', 3:'S1', 4:'S1',\n",
    "     5:'S2', 6:'S2', 7:'S2', 8:'S2', \n",
    "     9:'S3', 10:'S3', 11:'S3', 12:'S3',\n",
    "     13:'S4', 14:'S4', 15:'S4', 16:'S4'},\n",
    "'B':{1:'S5', 2:'S5', 3:'S5', 4:'S5',\n",
    "     5:'S6', 6:'S6', 7:'S6', 8:'S6', \n",
    "     9:'S7', 10:'S7', 11:'S7', 12:'S7',\n",
    "     13:'S8', 14:'S8', 15:'S8', 16:'S8'},\n",
    "'C':{1:'S9', 2:'S9', 3:'S9', 4:'S9',\n",
    "     5:'S10', 6:'S10', 7:'S10', 8:'S10', \n",
    "     9:'S11', 10:'S11', 11:'S11', 12:'S11',\n",
    "     13:'S12', 14:'S12', 15:'S12', 16:'S12'},\n",
    "'D':{1:'S13', 2:'S13', 3:'S13', 4:'S13',\n",
    "     5:'S14', 6:'S14', 7:'S14', 8:'S14', \n",
    "     9:'S15', 10:'S15', 11:'S15', 12:'S15',\n",
    "     13:'S16', 14:'S16', 15:'S16', 16:'S16'},\n",
    "'E':{1:'S17', 2:'S17', 3:'S17', 4:'S17',\n",
    "     5:'S18', 6:'S18', 7:'S18', 8:'S18', \n",
    "     9:'S19', 10:'S19', 11:'S19', 12:'S19',\n",
    "     13:'S20', 14:'S20', 15:'S20', 16:'S20'}\n",
    "}\n",
    "\n",
    "#Neither of these are used currently:\n",
    "exposures = {'1':[], '2':[], '3':[], '4':[], '5':[], '6':[], '7':[], '8':[]}\n",
    "all_data = {}\n",
    "\n",
    "for f in files:\n",
    "    f = norm_loc + f\n",
    "    selector_group = f[-6]\n",
    "    if f[-16] == 'e':\n",
    "        compound = 'e' + f[-9:-7]\n",
    "    else:\n",
    "        compound = 'w'+f[-9:-7]\n",
    "    to_replace = mapper[selector_group]\n",
    "    data_set = pd.read_excel(f, sheetname=None, header=None) # need to change sheetname to sheet_name for newer pd! ie if V runs\n",
    "    for key in data_set.iterkeys():\n",
    "        data_set[key] = data_set[key].set_index(0)\n",
    "        data_set[key] = data_set[key].rename(columns=to_replace)\n",
    "    ethanol_water[compound].append(data_set['Sheet1']) # Currently working with just the first exposure\n",
    "for comp in ethanol_water:  \n",
    "    ethanol_water[comp] = pd.concat(ethanol_water[comp], axis=1)"
   ]
  },
  {
   "cell_type": "code",
   "execution_count": 3,
   "metadata": {
    "collapsed": true
   },
   "outputs": [],
   "source": [
    "from sklearn.utils import shuffle\n",
    "from sklearn.metrics import accuracy_score\n",
    "from sklearn.linear_model import LogisticRegressionCV\n",
    "from sklearn.neighbors import KNeighborsClassifier\n",
    "from sklearn.svm import SVC\n",
    "from sklearn.ensemble import RandomForestClassifier\n",
    "from sklearn.model_selection import train_test_split, cross_val_score\n",
    "from scipy.spatial.distance import pdist, squareform, euclidean\n",
    "from sklearn.decomposition import PCA\n",
    "from sklearn.preprocessing import StandardScaler\n",
    "import matplotlib.pyplot as plt\n",
    "from scipy.cluster.hierarchy import dendrogram, linkage"
   ]
  },
  {
   "cell_type": "code",
   "execution_count": 11,
   "metadata": {
    "collapsed": false
   },
   "outputs": [],
   "source": [
    "def avg_all_to_all_dist(m1, m2):\n",
    "    distances = []\n",
    "    for i in range(m1.shape[0]):\n",
    "        for j in range(m2.shape[0]):\n",
    "            distances.append(euclidean(m1[i,:], m2[j,:]))\n",
    "    distances = np.asarray(distances)\n",
    "    distance_mean = distances.mean()\n",
    "    return distance_mean\n",
    "\n",
    "def dist_water_and_ethanol(selector1, selector2):\n",
    "    '''\n",
    "    currently hardcoded for the water-ethanol datasets assuming sorted input! ie ethanol first, then water\n",
    "    '''\n",
    "    ethanol_dist = avg_all_to_all_dist(selector1[:12,:], selector2[:12,:])\n",
    "    water_dist = avg_all_to_all_dist(selector1[12:,:], selector2[12:,:])\n",
    "    return water_dist, ethanol_dist"
   ]
  },
  {
   "cell_type": "code",
   "execution_count": 17,
   "metadata": {
    "collapsed": false,
    "scrolled": true
   },
   "outputs": [
    {
     "name": "stdout",
     "output_type": "stream",
     "text": [
      "[[   4.89224627   22.64912528    5.44793896   20.64711031   18.52338285\n",
      "    20.18367992  103.66804599  104.03458834   10.21519872    6.79711439\n",
      "    11.05404003   11.70120804    7.19896458    7.28224434   28.22291429\n",
      "    16.70960281   23.7367183    11.73880505    9.39339275   19.11318317]\n",
      " [  22.64912528   10.04104002   19.11169091   16.06776626   12.1639791\n",
      "    10.24227078  121.8971006   124.78038527   13.44873134   18.06590989\n",
      "    12.68947057   12.04662174   17.18617737   16.59911707   19.22533982\n",
      "    11.40928388    9.73098097   12.25668656   14.50527401   14.53960573]\n",
      " [   5.44793896   19.11169091    3.75833657   18.21369468   15.1357024\n",
      "    16.6053406   106.10714922  107.04636799    6.74957548    4.99208003\n",
      "     7.53237669    8.1339691     5.02176321    4.43914757   25.54882028\n",
      "    13.27480599   20.12872014    8.16883492    5.95583273   16.04738652]\n",
      " [  20.64711031   16.06776626   18.21369468   12.55918512   19.23163031\n",
      "    15.93904224  122.57073508  123.34929891   15.11615336   18.14397381\n",
      "    14.6364722    14.63916269   17.88155036   17.73496504   16.59845746\n",
      "    13.89818889   17.08587275   16.07386338   17.05199013   18.67347188]\n",
      " [  18.52338285   12.1639791    15.1357024    19.23163031    6.04566831\n",
      "    10.61107976  113.86454052  117.57958952   10.55156006   13.99438984\n",
      "    10.19087329    9.50443273   12.95902678   11.97403857   24.02797676\n",
      "    11.32369281   10.75920369    8.07970061    9.75342642   13.03632102]\n",
      " [  20.18367992   10.24227078   16.6053406    15.93904224   10.61107976\n",
      "     9.04557012  119.34990611  122.14330408   10.85623121   15.46044862\n",
      "    10.14086857    9.47674052   14.62440463   14.02459005   19.6614382\n",
      "     9.93639988    9.578623      9.70569502   11.93961582   13.10892007]\n",
      " [ 103.66804599  121.8971006   106.10714922  122.57073508  113.86454052\n",
      "   119.34990611   44.23037466   54.27267572  110.84096797  106.49093728\n",
      "   111.73723966  112.1315008   107.08669828  107.20437654  130.19733063\n",
      "   117.47029626  121.98085192  111.05688384  108.77608867  114.28859934]\n",
      " [ 104.03458834  124.78038527  107.04636799  123.34929891  117.57958952\n",
      "   122.14330408   54.27267572   45.52907774  112.50662965  107.73811748\n",
      "   113.45449242  113.97907745  108.4794263   108.80828975  130.67252223\n",
      "   119.4059531   125.25674202  113.28912551  110.77388765  116.94554104]\n",
      " [  10.21519872   13.44873134    6.74957548   15.11615336   10.55156006\n",
      "    10.85623121  110.84096797  112.50662965    2.8761753     5.98402647\n",
      "     3.12295052    3.12471201    5.38313726    4.41434101   21.25437583\n",
      "     7.98945795   14.1933106     3.84768167    3.40264355   12.01715754]\n",
      " [   6.79711439   18.06590989    4.99208003   18.14397381   13.99438984\n",
      "    15.46044862  106.49093728  107.73811748    5.98402647    4.69001144\n",
      "     6.65780885    7.11410673    5.09140726    4.35443356   25.11982116\n",
      "    12.33157292   18.92100799    7.27367447    5.47027817   15.07768534]\n",
      " [  11.05404003   12.68947057    7.53237669   14.6364722    10.19087329\n",
      "    10.14086857  111.73723966  113.45449242    3.12295052    6.65780885\n",
      "     2.92216374    2.90586991    6.00058063    5.15809988   20.54371884\n",
      "     7.40544609   13.36777254    3.77188641    3.83245669   11.66643318]\n",
      " [  11.70120804   12.04662174    8.1339691    14.63916269    9.50443273\n",
      "     9.47674052  112.1315008   113.97907745    3.12471201    7.11410673\n",
      "     2.90586991    2.3649934     6.33851583    5.56191618   20.34561527\n",
      "     6.91692777   12.62553278    3.222852      3.831194     11.31742016]\n",
      " [   7.19896458   17.18617737    5.02176321   17.88155036   12.95902678\n",
      "    14.62440463  107.08669828  108.4794263     5.38313726    5.09140726\n",
      "     6.00058063    6.33851583    4.42389984    3.73562565   24.73325636\n",
      "    11.56123986   17.98856487    6.10859712    4.24412491   14.64295789]\n",
      " [   7.28224434   16.59911707    4.43914757   17.73496504   11.97403857\n",
      "    14.02459005  107.20437654  108.80828975    4.41434101    4.35443356\n",
      "     5.15809988    5.56191618    3.73562565    1.8973397    24.58938019\n",
      "    11.01856864   17.36477569    5.05250763    2.71631785   14.04389411]\n",
      " [  28.22291429   19.22533982   25.54882028   16.59845746   24.02797676\n",
      "    19.6614382   130.19733063  130.67252223   21.25437583   25.11982116\n",
      "    20.54371884   20.34561527   24.73325636   24.58938019   15.02190404\n",
      "    18.14245761   19.90854935   21.92737256   23.49479069   22.8505521 ]\n",
      " [  16.70960281   11.40928388   13.27480599   13.89818889   11.32369281\n",
      "     9.93639988  117.47029626  119.4059531     7.98945795   12.33157292\n",
      "     7.40544609    6.91692777   11.56123986   11.01856864   18.14245761\n",
      "     8.0727047    11.72699501    7.53226739    9.24850577   12.86718751]\n",
      " [  23.7367183     9.73098097   20.12872014   17.08587275   10.75920369\n",
      "     9.578623    121.98085192  125.25674202   14.1933106    18.92100799\n",
      "    13.36777254   12.62553278   17.98856487   17.36477569   19.90854935\n",
      "    11.72699501    7.8629124    12.56083507   15.11031715   13.77382866]\n",
      " [  11.73880505   12.25668656    8.16883492   16.07386338    8.07970061\n",
      "     9.70569502  111.05688384  113.28912551    3.84768167    7.27367447\n",
      "     3.77188641    3.222852      6.10859712    5.05250763   21.92737256\n",
      "     7.53226739   12.56083507    1.86499857    2.79668079   11.57908508]\n",
      " [   9.39339275   14.50527401    5.95583273   17.05199013    9.75342642\n",
      "    11.93961582  108.77608867  110.77388765    3.40264355    5.47027817\n",
      "     3.83245669    3.831194      4.24412491    2.71631785   23.49479069\n",
      "     9.24850577   15.11031715    2.79668079    0.8573902    12.7193752 ]\n",
      " [  19.11318317   14.53960573   16.04738652   18.67347188   13.03632102\n",
      "    13.10892007  114.28859934  116.94554104   12.01715754   15.07768534\n",
      "    11.66643318   11.31742016   14.64295789   14.04389411   22.8505521\n",
      "    12.86718751   13.77382866   11.57908508   12.7193752    13.86187   ]]\n"
     ]
    },
    {
     "data": {
      "image/png": "iVBORw0KGgoAAAANSUhEUgAAATEAAAD7CAYAAAACYaMOAAAABHNCSVQICAgIfAhkiAAAAAlwSFlz\nAAALEgAACxIB0t1+/AAAF+hJREFUeJzt3WuwXfV53/HvDyTud9lIHQuQGduYUBwsHOwOOHOoHXPp\nBByS4st4bAJ1mDqM3elManCbEbjOxNCJUntS8gIYjTo1vtXB4Glqyww5abGLDQGM1QqME45ANjpc\nxE0mEjrS0xd7HXSQ9l57PXvty1qH32dmjfZe59F/PWefo0fr8r8oIjAza6sDJp2AmVkdLmJm1mou\nYmbWai5iZtZqLmJm1mouYmbWamMvYpLOl/SwpJ9J+uy4jz9qkmYk/UTSA5J+POl86pJ0i6RZSQ8t\n2HespA2SHpH0PUlHTzLHOnp8f2skbZF0f7GdP8kcrdxYi5ikA4C/AM4DTgM+Iunt48xhDPYAUxHx\nzog4a9LJDME6Oj+vha4G7oyIU4C7gGvGntXwdPv+ANZGxOpi++64k7Lqxn0mdhbwaERsjohdwNeA\ni8ecw6iJRXSZHhF3A8/ts/tiYH3xej3wwbEmNUQ9vj/o/BytBcb9j+1NwBML3m8p9i0mAXxf0r2S\nPjnpZEbk+IiYBYiIrcDxE85nFK6S9KCkm9t8ufx6sGjOGBrk7IhYDVwI/KGkcyad0BgstrFrNwIn\nR8QZwFZg7YTzsRLjLmK/AE5c8H5lsW/RiIgniz+fBm6jcwm92MxKWg4gaQXw1ITzGaqIeDr2Diq+\nCfiNSeZj5cZdxO4F3iLpJEkHAR8G7hhzDiMj6TBJRxSvDwc+AGycbFZDIV57j+gO4LLi9SeA28ed\n0JC95vsrCvO8S1gcP8NFa8k4DxYRuyVdBWygU0BviYhN48xhxJYDt0kKOp/tVyJiw4RzqkXSrcAU\nsEzS48Aa4IvANyVdDmwGLp1chvX0+P7OlXQGnSfNM8CVE0vQ+pKn4jGzNvONfTNrNRcxM2s1FzEz\nazUXMTNrNRcxM2u1kXexKLobmNkEREStMaDHSPFC9fDNEbGqzvEGUauLRTFFyX9mb5+v67vERGei\ngH19m/3GDb/9suoHf/jr1WMBVn6oeuwziXaP6bLvpWvhyGv32x0fSvw+zSVyAPRffpKInknEntpl\n35eBT3fZn/k/8eFEbNLvXVA99r9323ltse3jXYkc7nssEQypQQ/HvLta3POqXcQkxRcqxv4H6hfN\nQQx8JrZgWp33Ab8E7pV0e0SM8LfTzMZt6aQT6KPO5eSr0+oASJqfVsdFzGwRGeuwngHUya/btDqJ\nwc6LbS7EBQ6amnQGI1bxcqa1piadQKMcOukE+hhTkf32gtdvX7AtUgdPTTqDEXMRa6Rd0zA3PfRm\nF/PlZGJandZO/GnWHkunOtu8ndcNpdnFfDn56rQ6wJN0ptX5yFCyMrPGWLRnYq+DaXXMjMV9Jkax\nCswpQ8rFzBqo6WdiI59PTFLw9orHePih/jHzjnhHLpHtmeAtidhtlSPv49crx2bn7L4400N3ybLq\nsXOziSx2JWJXJmKTunVA7uX5RxPBLyZilydiAY5Lxldx+FA6u1adevkiWtbZ1cxeH9zFwsxarelF\noun5mdmENf2emKfiMbNSSypu3Ui6RdKspIcW7LtB0qZiceJvSTpqwdeukfRo8fUPVMnPRczMSi2t\nuPWwDjhvn30bgNOKxYkfBa4BkPRrdFbOOhW4ALhRUt8HBS5iZlaqzplYRNwNPLfPvjsjYk/x9h72\nPqq+CPhaRMxFxAydAtd3PLbviZlZqRHfE7sc+Grx+k3A/1nwtV8U+0q5iJlZqV5dLO4ptkFJ+vfA\nroj4at/gEi5iZlaq15nYe4tt3pcSbUq6DLgQ+OcLdv8COGHB+5JJJfbyPTEzK1XnnlhBxdZ505nW\n/o+AiyJi54K4O4APSzpI0puBtwA/7pffeIYd8bVqwUck5sHf/pe5RA7519Vjd2Q+k+qjLOJjiREZ\nO/uHvCaLb96eiB7V8JnM3ZPM0C5ILTowdVn12Olnq8euSAzX2jpdPRaARB78bsW44cyx/2zF67Vl\nc/sPO5J0K50J2pYBs8Aa4HPAQez9pu+JiE8V8dcAV9AZw/aZiNjQ77i+nDSzUkuqVoku/89ExEe7\nRHZbOWg+/k+BP614RMBFzMz6WHrgpDMo5yJmZqUqn4lNSMPTM7NJW3rwpDMo5yJmZuUaXiUanp6Z\nTVzDq0TD0zOziWt4lWh4emY2cX46aWat1vAq0fD0zGzi/HTSzFqt4VViPGMnV1Y8RmY43SHJRHYk\nlh47JjFe8Pnqof87Mc4yMVIQgHPZ0z9o3iGJ4XQ7MsuwJSwZ4SxVqQ8vM470qP4h43BExbjtwxk7\nGe+pGHuPl2wzsybyjX0za7WGV4mGp2dmE9fwKtHw9Mxs4hpeJRqenplNXMO7WHh6ajMrV2N+6h6L\n5x4raYOkRyR9T9LRxf6TJL0s6f5iu7FKei5iZlbuwIpbd90Wz70auDMiTgHuolg8t/DziFhdbJ+q\nkp6LmJmVq3Em1m3xXOBiYH3xej3wwQVfS/czcxEzs3JDWO5oH8dHxCxARGwFjl/wtVXFpeTfSDqn\nanpmZr2NvrPr/JCeJ4ETI+I5SauBb0v6tYjYXvaXx1PEnqkamBh3tKPv6uavlRpK9K1Ew6dWjjzn\nrdVbffHxRAoAOzdVj92xMtHwTCI2MURpLpMDwMvVQ9/15uqx9yWGo6XGxT2ViAU4snro9lXJtmvq\nUSWmfwnTTw7U4qyk5RExK2kFxYcVEa8ArxSv75f098DbgPsHSM/MrNBjnPLUyZ1t3nUP9GzhNYvn\n0lkk9zLgeuATwO0Akt4AbIuIPZJOprN47j/0S89FzMzK1bicXLh4rqTH6Sye+0Xgm5IuBzYDlxbh\nvwl8XtIrwB7gyojoO8WCi5iZlatRJXosngvw/i6xfwX8VfYYLmJmVq7hVaLh6ZnZxHkqHjNrtYZX\niYanZ2YT1/Aq0fD0zGziGj6LhYuYmZVreJVoeHpmNnENrxLjSe+YinFbtyUaTQ5bSaxKlBlKBC9V\njtzyaPVWf5HIIC8xxCUls8zQccm2D60eOpNpN7PaUUb2M85+HmPkp5Nm1moNrxK10pM0A7xAZ4jA\nrog4axhJmVmDLOYiRqd4TUXEvpOemdliscgvJ4UnVjRb3HrMYtEUdQtQAN+XdK+kTw4jITNrmOHP\n7DpUdQ99dkQ8KemNdIrZpmJO7dd66dq9rw+agoOnah7WzPZ3N/CD4Te7mC8nI+LJ4s+nJd0GnEXn\nk3ytI6+tcxgzq+ScYpv3n4bTbMNv7A98OSnpMElHFK8PBz4AbBxWYmbWEIv4cnI5cJukKNr5SkRs\nGE5aZtYYi/VyMiIeA84YYi5m1kQ1n05K+gzwr4q3N0XElyUdC3wdOInOGItLI+KFQdofy0lgfKja\neph/96XqbZ75sVwOd/+36rGZVYkyQ4lO2Bj9gwqrT9v/1mKZOOe06sEnJhpOfH+pUUeJzzjr2m9W\nj/13h1eP3fSr6rFnvrt6LADLErEVF7bSY8kceqk3x/5pwBXAu+j8hvxPSf8D+AM6q4DfIOmzdFYB\nv3qQY7iPl5mVq3dP7FTgRxGxMyJ2A/8LuAS4iN6rgKe4iJlZuXpFbCPwXknHSjoMuBA4AVhesgp4\nOj0zs97qrXb0sKTrge8D24EHgN3dQgc9houYmZXrcU9s+t7O1k9ErAPWAUj6E+AJeqwCPggXMTMr\n16NKTP2zzjbvur/sHifpjUWH+BOB3wHeA7yZLquADzE9M7NC/Tn2vyXpOGAX8KmIeLG4xPxGl1XA\n01zEzKxczSoREb/ZZd82uqwCPggXMTMr1/Aq0fD0zGziGl4lGp6emU1aLNaxkykVh6NkVvg5c+dI\nUgDgxcerx2Zyzgwlun9zctxKZtTZjhG1m/mQE0N4RmlbIo+ZRLtnZkcBJv4l7sosCjYEuxt+qtPw\n9Mxs0lzEzKzVdh58UMXIV0aaRy8uYmZWaveBzb4p5iJmZqV2N3xWRBcxMys15yJmZm22u+FlotnZ\nmdnE+XLSzFrNRczMWm0nVbtYTIaLmJmV8j0xM2u1pl9OKmLgqa2rHUAK+EnF6DclWv5BMpPfTsRW\nXBMrKc5OLKuWHHunjX+WiD4pEZsZHZpxXDI+MTBz1WXVY2emEzmclYhd3z9kYFV/l08gIqqtl9iD\npLg/Tq0Uu1qbah9vED4TM7NS7idmZq1W556YpLfRWek7AAEnA38MHAt8kr0LhHwuIr47yDFcxMys\nVJ17YhHxM+CdAJIOALYAtwGXA2sjYm3d/FzEzKzUK8PrYvF+4O8j4glJ0Dkzq80rgJtZqTkOrLRV\n8CHgqwveXyXpQUk3Szp60Px8JmZmpXrdE3to+jkemn6+UhuSlgIXAVcXu24EPh8RIekLwFrgikHy\ncxEzs1K97omdNvUGTpt6w6vvv3Ld5rJmLgD+LiKeBpj/s3AT8J1B83MRM7NSQ+rs+hEWXEpKWhER\nW4u3lwAbB23YRczMStXtJybpMDo39f9gwe4bJJ0B7KGzBsuVg7bvImZmpV7h4Fp/PyJeBt64z76P\n12p0gTEVsZlqYUveUb3JuRdzKRySeJq7Y2Wi4SOrh56YaDazrBrAxsxQopcSsasSsUsTsc8mYgF2\nVQ/N/Phm3lI99ojDqsduX5VIAiDz+5wZnldf08dO+kzMzEp52JGZtZqn4jGzVvPlpJm1mouYmbWa\ni5iZtdrOml0sRs1FzMxK+UzMzFrNRczMWs39xMys1dxPDIBqq6UwN5toc3kuhR2JYStVh0llPZqI\nTa52lFuVaFUidiaXRmUjHDrz80zwT6uHbj800e5MJomkUba9v6ZfTvad2VXSLZJmJT20YN+xkjZI\nekTS9+rMymhmzbabAyttk1Jleup1wHn77LsauDMiTgHuAq4ZdmJm1gw7OajSNil9i1hE3A08t8/u\ni9m7Ouh64INDzsvMGmI3SyptkzLokY+PiFmAiNgq6fgh5mRmDdL0e2LDKp8xpHbMrGEWaxGblbQ8\nImYlrWDvKr49fHnB63cXm5kN1z3FNlxDmJ76aOBm4J/SmY76cuBndFYGP4nO49ZLIyL9TB6qFzHx\n2oUu7wAuA64HPgHcXv7XP53PzMyS3lNs877cKzBlCPe7vgT8dUT8S0lLgMOBz9F5OHiDpM/SeTh4\ndVkjvVTpYnEr8EPgbZIel/T7wBeB35L0CPC+4r2ZLUJ1ulhIOgp4b0SsA4iIueKMa2gPB/uW2Ij4\naI8vvX/Qg5pZe7xSr/vEm4FnJK0Dfh24D/g3wPJhPRxs9ngCM5u4XvfEnprexFPTD/f760uA1cAf\nRsR9kv6czmXjvg8DB344OKYiVvUwmaFBmZV1sjJ5zI0kNBWbNqrP7h9H1C6MLucR/axT7ULu+xvp\nL8d+et0TWzZ1OsumTn/1/f+7ruut8S3AExFxX/H+W3SKWPLhYG9Veuyb2etYnXtixSXjE5LeVux6\nH/B/2ftwECo9HOzNl5NmVmoI/cQ+DXxF0lLgH4DfBw4EviHpcmAzcOmgjbuImVmpuv3EIuInwG90\n+dJQHg66iJlZKc8nZmatVrOLxci5iJlZKU9PbWat5stJM2u1xTqLhZm9TriImVmruYgB0Hd8VeGC\nRJvTuRSWJIZ1zK1MNHxc9dC3Jpr9VSIW4LFEHjybiB3VqkQvJeMTQ5rekmh26+n9Y+YtSaywNZf9\n3LYlYlcl265nJweP9XhZPhMzs1I+EzOzVnMRM7NWcz8xM2s19xMzs1bz5aSZtZqLmJm12s5XPADc\nzFps91yzy0SzszOzids91+zLSc+xb2alds8dWGnrRdIBkh6QdEfxfo2kLZLuL7bz6+TnMzEzKzW3\nq/aZ2GfoLA5y1IJ9ayNibd2GodVFbJTLVr2ciD10ZFnkjHI5saoyy45ll3d7sXpo6ldjREvupb+/\nzFjSUf38utuze/AyIWklcCHwJ8C/Xfilmmm9ypeTZlZu7sBqW3d/DvwR+y+Oe5WkByXdLOnoOum1\n+EzMzMZiR48y8aNp+PF0z78m6V8AsxHxoKSpBV+6Efh8RISkLwBrgSsGTc9FzMzK9bqMPnOqs837\ni+v2jTgbuEjShXTuuxwp6b9GxMcXxNwEfKdOer6cNLNycxW3fUTE5yLixIg4GfgwcFdEfFzSigVh\nlwAb66TnMzEzKzf8Z2g3SDoD2APMAFfWacxFzMzKDeFhaET8LfC3xeuP9wlPcREzs3K7J51AORcx\nMys3yi6ZQ+AiZmbldkw6gXIuYmZWruFnYorYtyPtkA8gBb9X8Rh3Jho+I5nIdCL2XYnYmeqha54Z\n2kiL/Vy3KvFzzKxI9/N0KtVkllWD3D+kexJ3og9JDJU6IpHDMYnYbNtVP4uNIiJq/dJJCm6v+Lt1\ncf3jDcJnYmZWruFnYi5iZlZuvOPN01zEzKycu1iYWav5ctLMWs1dLMys1XwmZmat5iJmZq3mImZm\nreYuFmbWag3vYjGeYUf7rRHQy6OJlo9LZpJZiWc2EVt9FZ5fHV59PNO2XyVSAE7gbxLRmTE/P03E\nZv7LPj0RC6lrmkPeWj12x3Qih5MSsdnxWkf1D3nVqopxK4Yz7OiPK/77/Y+TGXbUd3pqSbdImpX0\n0IJ9Q1380swabMDpqQEkHSzpR8XiuT+VtKbYf6ykDZIekfS9OiseVZljfx1wXpf9ayNidbF9d9AE\nzKzhdlXcuoiIncC5EfFOOtM2XCDpLOBq4M6IOAW4C7hm0PT6FrGIuBt4rsuXxn7aaGYTsLvi1kNE\nzK9GfTCd+/ABXAysL/avBz44aHp1Vjsa2uKXZtZgNS4nASQdIOkBYCvw/Yi4F1geEbMAEbEVOH7Q\n9AYtYjcCJ0fEGUViawdNwMwarmYRi4g9xeXkSuAsSaex/9O+gZ8wDtTFIiKeXvC2wuKX1y54PVVs\nZjZcPwB+OPxmez10/uU0PDlduZmIeFHSNHA+MCtpeUTMFutQPjVoelWLmFhwD0zSiuIUECotfnnt\nAKmZWc7ZxTbvz4bT7M4e+5dNdbZ5D+y3AjiS3gDsiogXJB0K/BbwReAO4DLgeuATwO2Dpte3iEm6\nlc6p0zJJjwNrgHOHufilmTVYvWFH/wRYL+kAOrevvh4Rfy3pHuAbki4HNgOXDnqAvkUsIj7aZfe6\nQQ9oZi1TY9hRRPwUWN1l/zbg/YO3vJeHHZlZuYYPOxpPEas62ua+6kN4WJEYWgKdZ6iVbcm1XdGm\nxFCimXTrZ1UPPeKw6rHbD03kkLjuWLI80W6u6dTKQTtGNZToHYlYyPUweCnZdk2excLMWs1FzMxa\nzVPxmFmr9epi0RAuYmZWzpeTZtZqvpw0s1ZzFwszazVfTppZq7mImVmr+Z6YmbWau1gA9z1WMTAx\nFGXrdDKJqURsZmqjIytHnvnu6q2e+UIiBYCH1/ePmbd9VaLhmURs4r/suTcl2gX4x+qhx3yseuwz\noxpKdHMiFiAzvOt3km3X5MtJM2s1X06aWau5i4WZtZovJ82s1RpexOos2WZmrwc1Fs+VdIukWUkP\nLdi3RtIWSfcX2/l10nMRM7Ny9ZZsWwec12X/2ohYXWzfrZOei5iZjUxE3A081+VL6rJvIC5iZjYJ\nV0l6UNLNko6u05Bv7JvZgKaLLe1G4PMREZK+AKwFrhg0CxcxM+ujV2/XfRfr3X/x3G4i4ukFb28C\nvjNYXh0uYmbWR+0+FmLBPTBJKyJifv2xS4CNdRofUxGrOhbx9ESbzw6SSEXVx0PCcdVDlyWaHelP\nJrE0XsrSROy2ZNuJZcoyS7ZxVCI2s6xaZiwk5H4miSX3hmLwcUeSbqUzcHmZpMeBNcC5ks4A9tAZ\nnHtlnex8JmZmfSQG3+8jIj7aZfe6wXPZn4uYmfXR7BHgLmJm1kezxx25iJlZHz4TM7NW85mYmbWa\nz8TMrNUGfzo5Di5iZtaHLyfNrNV8OWlmreYzMTim4lplz7+caPR3czlkhqKkljRL2FQ9dFd2VA6/\nnYjNLJc2k4jN/LKvSsRCbjm4TLuZPBJDn9LLqmWGEmWHNNXlMzEzazWfiZlZq/lMzMxazV0szKzV\nfCZmZq3me2Jm1mrNPhOb3GpHu6YndujRu3vSCYzYPZNOYMR+MOkEGqbewpOjNrkiNjc9sUOP3mL/\nR7DYi9gPJ51Aw9RYAnwMfDlpZn34npiZtVqzu1goIkZ7AGm0BzCzniJC/aN6kzQDnFQxfHNErKpz\nvEGMvIiZmY3S5G7sm5kNgYuYmbWai5iZtZqLmJm1mouYmbXa/weaebWbTmt9zQAAAABJRU5ErkJg\ngg==\n",
      "text/plain": [
       "<matplotlib.figure.Figure at 0xd849278>"
      ]
     },
     "metadata": {},
     "output_type": "display_data"
    },
    {
     "data": {
      "image/png": "iVBORw0KGgoAAAANSUhEUgAAATEAAAD7CAYAAAACYaMOAAAABHNCSVQICAgIfAhkiAAAAAlwSFlz\nAAALEgAACxIB0t1+/AAAGwNJREFUeJzt3XuUXNV15/HvDySIjXiZh+SBgJAxD0OMEC8xgCnMwyBs\nIDghNsHAAI4SguNZy/YgHLwkGLIGGEfxLGcUO8DSwMIkYAMGHMYWhGmDPEMsIcTLiNgQycgRQryR\nAT2aPX9UtdRIXbfOqVvddav5fda6i+7bW6e2ulube2+dc7YiAjOzXrVFtxMwMyvDRczMepqLmJn1\nNBcxM+tpLmJm1tNcxMysp414EZN0sqQlkv5V0qUj/frDTdJSSY9JelTSz7udT1mSbpC0UtLjg87t\nKGmepGck/UTS9t3MsYwmf7+ZkpZLWtQ4Tu5mjlZsRIuYpC2AvwU+BRwAfF7SfiOZwwh4F6hFxMER\ncXi3k+mAudR/XoPNAO6PiH2BB4DLRjyrzhnq7wcwOyKmNI4fj3RSlm6kr8QOB34ZEcsiYh3wj8Dp\nI5zDcBOj6DY9IuYDr25y+nTgxsbHNwJnjGhSHdTk7wf1n6P1gJH+x7Yb8Pygz5c3zo0mAdwnaYGk\nL3Y7mWGya0SsBIiIF4Bdu5zPcLhE0mJJ1/fy7fL7wai5YqiQoyJiCjAN+HNJR3c7oREw2tauzQEm\nRcRk4AVgdpfzsQIjXcR+A+wx6PPdG+dGjYhY0fjvKuBO6rfQo81KSeMBJE0AXuxyPh0VEati46Li\n64DDupmPFRvpIrYA2FvSnpK2Aj4H3D3COQwbSR+UNK7x8TbAScCT3c2qI8R7nxHdDZzf+Pg84K6R\nTqjD3vP3axTmAWcyOn6Go9aYkXyxiOiXdAkwj3oBvSEinh7JHIbZeOBOSUH9e/u9iJjX5ZxKkXQL\nUAN2kvRrYCZwNfB9SRcAy4CzupdhOU3+fsdJmkz9nealwPSuJWgtyVvxmFkv84N9M+tpLmJm1tNc\nxMysp7mImVlPcxEzs5427FMsGtMNzKwLIqLUGtAdpHg9PXxZREws83rtKDXForFFybfYOOfrmiFi\nYuhVKbMaxyBXZ7z4DhmxUJ8JlGjc7quSY1cv2WXzk9+dBdNnbXb6oUMOSR736IWLkmMBdEPGzzFn\n35AXhjj30Cw4Ztbm53N+JksyYgFOyIj9UUbsgUOc++dZcPyszU7Hqen1QLu8nZEE0Pc7yaHjzkj7\n/Vw9btfSRUxSXJUYeznli2Y72r4SG7StzvHAvwMLJN0VEbm/nmZWYWO7nUALZW4nN2yrAyBpYFsd\nFzGzUWREl/W0oUx+Q22rk7HYuVbipSvukFq3Mxhee9S6ncHw2qvW7Qwq5QPdTqCFESqyswZ9XBt0\njFKH1rqdwfDas9btDIbXpFq3M2jL+gd/Rv9DP+v4uKP5djJjW51ZJV7GzFKM+cRRjPnEURs+X/ff\nvtmZcTsyyvApk9+GbXWAFdS31fl8R7Iys8oYtVdi74NtdcyM0X0lRqMLzL4dysXMKmjUXollSZ3E\nOqMvY9C9s1L4L3FDcuy1+nrGyCuTI49Z8khybIzPnDOYM7HlnIzYWkbs+jfSY3feLmNg8n7cqzNi\nL1+eHjs+PXSXi/J27F510R6tgxpWn5M707scFzEz62lVn2LhBeBmVmhM4jGUJh3Wr5T0mKRHJf14\noKdBo/fGW4M6r89Jyc9FzMwKjU08mhiqw/q1EXFQRBwM/BP1vgYDfjWo8/rFKfn5dtLMCpUpEhEx\nvzENa/C5wU8tt6HekGVA9gJyFzEzKzQcD/YlXQWcC7wGHDfoSxMlLQJeB74REfNbjeUiZmaFmhWJ\nBcDCNseMiMuByyVdCnyJ+rKeFcAeEfGqpCnADyV9bJMrt+T8zMyA5ldi/7FxDPhOe8PfAtwLzIqI\ntcBagIhYJOlZYB+gcHM9FzEzK9SBKRabdljfOyJ+1fj0DODpxvmdgVci4l1Jk6jPDnyu1eAuYmZW\nqMwzsSYd1k+VtC/QT72D/J82wj8BXClpLfWH/dMj4rVWr+EiZmaFSr47efYQp+c2ib0DuCP3NUam\niCWvkshZW5KxxAUYn7E8KO/bkrEW5aWMYddnxALsnBE78Z302HHpe7/zWsaNR96qsaH3wm8mYyVR\nfQepRBlLu/blmZwkWLVf+rIjFuf97pc1NvWfQ+7vbIf4SszMCo1xETOzXjZ2y25nUMxFzMwKJV+J\ndUnF0zOzbhu7dbczKOYiZmbFKl4lKp6emXVdxatExdMzs66reJWoeHpm1nV+d9LMelrFq0TF0zOz\nrvO7k2bW0ypeJUYmvVpaWE5btby1kPCV25N6DgDQF0ckx/7f9+yoVOyys7+VHPvcLROSYwHOOvbG\n5NgHOSY59o9fvSU5dideTo6dQ9L26RusfDl9jWr/1PSHOL//d3cmx16X0etu/iMnJscCfPLRHyXH\nXs1lSXGHZ2/03ISLmJn1ND/YN7OeVvEq4ZZtZlasROPJJn0nr5X0tKTFkm6XtN2gr10m6ZeNr5+U\nkp6LmJkVK9M9d+i+k/OAAyJiMvBLqD/kk/Qx4Cxgf+AUYI6klk/2XMTMrNjWiccQGi3XXt3k3P0R\nMdBr8mE27kx5GvCPEbE+IpZSL3CHt0rPRczMipW7EmvlAurdjgB2A54f9LXfNM61TM/MrLkm7072\nvQh9q9ofVtJfAusi4h/aH8VFzMxaaVIlav+hfgy44hfpQ0o6H5gGfHLQ6d8Avzvo890b5wr5dtLM\nipW/ndy07+TJwNeA0yJizaC4u4HPSdpK0l7U28n8PCU9M7PmSkx2bdJ38uvAVsB9jTcfH46IiyPi\nF5JuA34BrAMujoho+RoJMaVIinGrX0yKXT0uubcbufW3L6Ymx9b0pYyRP5oe+tX05UxxYd6aEd2a\n/nOcNPOp5NjnDjsgPYkn00P5g4xY2NheNcXDGbEz0kNjevrP5FN/+8OMJGDe/qenBy+5LzHwJCKi\n1OIjSREXJcZeT+nXa4evxMysWEbr0W5wETOzYl47aWY9reJVouLpmVnXVbxKVDw9M+s6306aWU+r\neJWoeHpm1nUVrxIVT8/Mus6NQsysp1W8SlQ8PTPruopXiRFJb/WSXRIjczoYpXe/gbyuRFlLifjf\n6aG19GVHT+03KSMH4IX00OeeylhK9E5GDjkzuxdmxAL8ICN2eUbs+ozgP0wPnbdsWkYSwJJ1GcHp\nv0cd4XcnzaynVbxKlEpP0lLgdeBd6pubtdxK1sx6zGguYtSLVy0iXm0ZaWa9aZTfTgpvrGg2ulV8\nF4uyBSiob2y2QNIXO5GQmVVM5/tO7ihpnqRnJP1E0vaN83tKekvSosYxJzW9Mo6KiBWSdqFezJ5u\ntGh6r+/O2vjxITU4tFbyZc1scw8Bm//zK63c7eRc4NvATYPOzQDuj4hrJV1Kve/kwPaUv4qIKTkv\nUKqIRcSKxn9XSbqTeo+4zb+L02eVeRkzS3JM4xhwdWeGLVElImK+pD03OX06cGzj4xuBPjYWseyd\nYdu+nZT0QUnjGh9vA5xE3gbFZtYLOt93cteIWAkQES8Auw762sTGreT/kXR0anrtGg/cKSka43wv\nIuaVGM/MqqhZ38nHoO/xob+WaaBBxApgj4h4VdIU4IeSPhYRq4v+cNtFLCL+DZjc7p83sx7R5N3J\n2hHvXYRyxc3JI66UND4iVkqaALwIEBFrgbWNjxdJehbYB1hUNNiIdDt6KPE53THPPJI+8Et5ecT/\nTL/V1m4Z35NaRhJXpYfG1nmPBr7Q9/fJsX/JXyXHnkhqZx1Y/uzeybFnfeSm1kGDnMGdybGLOTg5\nds5vL06O/cq4XVsHNcx8OTkUgI9/qGV7xQ2e/NphaYHfVGe6HSW+V6Cjh+52JGkicE9E/F7j82uA\nVyLimsaD/R0jYoaknRvn35U0Cfgp8HsR8VrR61Z8Lq6ZdV2JKtGk7+TVwPclXQAsA85qhH8CuFLS\nWuoT6ae3KmAl0zOz94Vy706e3eRLJwwRewdwR+5ruIiZWbGKV4mKp2dmXTfK106a2WhX8SpR8fTM\nrOu8x76Z9bSKV4mKp2dmXVfxKlHx9Mys6ypeJSqenpl1W1T83ckRWXYUCxKDcxoYPZeXx3PHTkiO\nnbQkvXVQTleiA2rpSW/7Ty8mxwK8+Ur6kpgFv3tgcuxhT2ZsTPLb9NBFR+yfHgzcw2eSY2v0JcdO\n5N+SY8/MmIc5hv7kWIArmJkce/K9P02K06lDLwPKISnWvZ4WO3b78q/XDl+JmVmh/opXiYqnZ2bd\ntmbrrRIj1w5rHs24iJlZof4tq/1QzEXMzAr1V3zdkYuYmRVaX/Ei5p6RZlaonzFJRzOSvizpicbx\nF41zQ7Zta4eLmJkV6mfLpGMokg4ALgQOpb6d/aclfYSNbdv2BR6g3ratLS5iZlaoTBED9gf+JSLW\nREQ/8CBwJnAa9XZtNP57Rrv5+ZmYmRVaQ+oUiyE9CVwlaUdgDTANWAiMH9y2TVL6bO1NuIiZWaGi\n512tRMSSRmOQ+4DVwKMw5HKGtpcOuYiZWaFmt4oL+t5iYd9bLf98RMwF5gJI+ivgeZq0bWvHiBQx\n3ZBYZJdkDLpzXg5nHXtj66CG2249L33g9GWWnNN3XXLsm8/nXV1rj4XpwUcfkh47f2VGFhmLXz+d\nMSzAyRmxizNiM35+8WfpywJ3OH5FRhJwylf70oN3Tw3szDLGZkVsSm1bptS23fD5d654ZegspF0i\nYpWkPYDfB6YCewHnA9cA5wF3tZufr8TMrFAH5ondLulDwDrg4oh4o3GLedsQbduyuYiZWaEyz8QA\nIuITQ5x7hSHatrXDRczMCnnZkZn1tLXlplgMOxcxMytU9bWTLmJmVqjsM7HhVu3szKzr/EzMzHqa\ni5iZ9TQ/EzOznraWrbudQqERadnGtxJf49CMgSe+k5XHhN3+PTn2g7ydHPvcUwckxz59wMTk2DfZ\ntnXQIIcf80R68PyMn/mMjKUr6Z3gYHlGLOT97/a1jNiM37n/d/rk5Ngjb81Z+0TW3++gzz6cFPeY\njuxIy7ab47NJsefodrdsM7Pq8e2kmfU0T7Ews57mdyfNrKe5iJlZT3MRM7OetqbiUyxcxMysUJkr\nMUn7ALdS30NfwCTgG8COwBfZuC311yPix+28houYmRUqU8Qi4l+BgwEkbUF9huCdwAXA7IiYXTY/\nFzEzK9TBeWInAM9GxPOSoENNANw818wK9TMm6UjwR8A/DPr8EkmLJV0vaft28xuZK7HUjjK1jDHH\n/U5WCn/86i3JsX992OXpA2esfjrxifuSY59/cp/0gSGvK9GMjK5EV/dlJPGh9NCpH88Yl3pfnFQ5\nXbMuSQ+duvSx5NiPfjk9FuCXnzkoOfaxq6dmjV1WJ96dlDSWetfvGY1Tc4ArIyIkXQXMBi5sZ+yW\nRUzSDdQbbK2MiI83zu1I/WHdnsBS4KyIeL2dBMys2poVsWV9S1nWtyx1mFOARyJiFcDAfxuuA+5p\nN7+UK7G5wLeBmwadmwHcHxHXSroUuIyNFdbMRpE1TfbYn1Dbhwm1jXcM8694sGiYzzPoVlLShIgY\nuEc7E3iy3fxaFrGImC9pz01Onw4c2/j4RqAPFzGzUans2klJH6T+UP9PBp2+VtJk4F3qd3PT2x2/\n3ex2jYiVABHxgqS8dtVm1jPKPhOLiLeAXTY5d26pQQfp1IP94d2UzMy6ZrQuO1opaXxErJQ0gY2z\nbof20KyNH+9Rgz1rbb6smTX1Rh+82dfxYUfLfmLivRPT7qb+pvc1wHnAXYV/+phZ+ZmZWZ7tavVj\nwIorOjJsz+8nJukW6jO4dpL0a2AmcDXwfUkXAMuAs4YzSTPrnp6/nYyIs5t86YQO52JmFbS2yRSL\nqqj2daKZdd1oeSZWzg6JcevfSB/ztQ9kpbATL6cH50y7y1j9tPzZvdODf5uRAwAZS4lyuhLlLCXi\nN+mh6zOXHY3LiM35rX4pI/aV9NBteTNjYPI6NLU9LbQ9Pf9MzMze33r+mZiZvb+5iJlZT/MzMTPr\naX4mZmY9zVMszKyn+XbSzHqabyfNrKdV/d1JNwoxs0L9bJl0NCNpe0nfl/S0pKckHSFpR0nzJD0j\n6SdlGoW4iJlZobJFDPgfwL0RsT9wEPVWLgNb3O8LPEB9i/u2jMztZGr3mZ23Sx8zYwUPwBwuTg/+\ng4yBF6aHnvWRm1oHNSz6yP4ZSVBv5ZJqeUZsTleinKVEGd83AK7PiM3pdpTRrWrVFelrnxZ99+iM\nJKhv0JzqnMS4nO9ZgTVs3faflbQdcExEnA8QEeuB1yV1bIt7PxMzs0Iln4ntBbwkaS71q7CFwH8G\nxndqi3sXMTMr1KyIvd33c97uW9Dqj48BpgB/HhELJf0N9SuuTbe0b3uLexcxMyvUbJ7Y2NqRjK0d\nueHzV6/4u6HClgPPR8TAA4TbqRexvC3uC/jBvpkV6mdM0jGUxi3j85IGGlQeDzzFxi3uIWWL+wK+\nEjOzQh2YJ/YXwPckjQWeA/4TsCVwWye2uHcRM7NCHeg7+Rhw2BBf6sgW9y5iZlZozVovADezHta/\nvtplotrZmVnX9a+v9tpJFzEzK+QiZmY9bf06F7H09yBy1kNmtR2DlS9ntDT704yBf5AeegZ3Jsfe\nw2cykgBOzojNWC+4YSZPipy2arnr+pZmxOb8btTSQ+fmfDN+nJEDwNSM2BmJk9s7tHby3f5qX+tU\nOzsz6z7fTppZT3un2mWi2tmZWfet73YCxVzEzKyYi5iZ9TQXMTPraeu6nUAxFzEzK9bf7QSKuYiZ\nWTHfTppZT8uZHN0F3tnVzIqtTzyakLSFpEcl3d34fKak5ZIWNY6c9SabGZkrsR8lxq3OGDOn7RjQ\nPzVj1vHDw5PHYg5Ojp3GvRlJAIszYidkxOa0P8v5bcoZF/KWEs3PiJ2YHnoa9yTHXnrgtzOSAO7P\niVXe2GWVv538MvUtqQf3ZJwdEbNLj4yvxMyslRJXYpJ2B6ax+UrOjlViFzEzK7Yu8Rja3wBfY/OW\nbJdIWizpeknbl0nPD/bNrFizKRa/6IOn+5r+MUmnAisjYrGk2qAvzQGujIiQdBUwG7iw3fRcxMys\nWLNnYvvU6seAO67YNOIo4DRJ04APANtKuikizh0Ucx1kPGwcgm8nzazYO4nHJiLi6xGxR0RMAj4H\nPBAR5zaa5Q44E3iyTHq+EjOzYp2f7HqtpMnAu9S3u5xeZjAXMTMr1oEiFhE/BX7a+PjcFuFZXMTM\nrJiXHZlZT/MuFmbW0yq+i4UiEjuntPsCUnBV4mtcnrOWaPesPD4bNyfH3j72nPSB16fnPG711smx\nT25zQHoOwMTPvJgefFHGwJdkxL6UEZu7qPhzGbE5S7CWPJ4cGo8elByr/sx/V4dmxKZ2lVotIqLU\nzHhJwTcS/y7/tfzrtaPlFAtJN0haKenxQec6uoDTzCqs5ALw4ZYyT2wu8Kkhzs+OiCmNI7fLnpn1\ninLLjoZdy2diETFf0p5DfGnELxvNrAsq/kyszIz9ji3gNLMKGwW3k0OZA0yKiMnAC9QXcJrZaFTx\nItbWFIuIWDXo09YLOP951saP96rBpFo7L2tmRdb3QX9f58cdJfPExKBnYJImRMQLjU9bL+A8flY7\nuZlZjjG1+jFg3Wa7SrRnTWeGGS4ti5ikW4AasJOkXwMzgeM6uYDTzCqs15cdRcTZQ5yeOwy5mFkV\njZLbSTN7v6r4FIsRKWJxauKUsvEZg2Z2y7mO9KVEP5j+hfSB/zA9dFbqchHgzHgoPRiIP0uftvfw\ntPTlM1OXPpaexCvpoauuyPhmAHM5Pzk2pyvRfouXJcfqkfSlRJMufCo5FuBncVRy7ITTXk+KU6n9\nUgep+O2kd3Y1s2Lluh1tLelfGn0nn5A0s3F+R0nzJD0j6Sdl5pq6iJlZsRLLjiJiDXBcRBwMTAZO\nkXQ4MAO4PyL2BR4ALms3PRcxMyu2JvFoIiLeany4NfVHWAGcDtzYOH8jcEa76bmImVmxkjP2JW0h\n6VHqq3vui4gFwPiIWAnQmHO6a7vp+d1JMyvWbIrFG33wZl/LPx4R7wIHS9oOuFPSAWzeTLftjQ1d\nxMysWLMpFtvU6seAFcUrBCLiDUl9wMnASknjI2Jlo4Vbxq6e7+XbSTMrVu7dyZ0H3nmU9AHgROBp\n4G7YMG/mPOCudtPzlZiZFSs3T+zDwI2StqB+0XRrRNwr6WHgNkkXAMuAs9p9ARcxMytWYtlRRDwB\nTBni/CvACe2PvJGLmJkVq/guFiPT7Wj520mxu+yW/mxvX57JymP+Iycmx550SPrt+bxl05Jj3912\nq+TYqR/qS44FeGbNvsmxr/9wQnLsR/8ofdnRtryZHLvou0cnxwKQ08XhwIzYjNlJkw5JX0r0nHbO\nSAL4Zvqau3O+cl1S3M36k850O/pwYo1Y0Z1uR74SM7Ni3sXCzHqad7Ews55W8V0sXMTMrJiLmJn1\nND8TM7OeVvErMS87MrOe5iJmZj3NRczMepqfiZlZC9V+su8iZmYtVPvJ/sisnbw58TUuyhh4v7w8\nPvnoj5JjH9j/0+kDL0n/v9SBsTg59r/ztfQcgFO+1JceXMsY+H9lxL6WEbs0IxZgakbs8ozYh9ND\nV8QOybEf/uucbwbw1YzY1O/Fw+XXMkoKSGsRB9t3Ze2kn4mZWQtvJx6bk3SDpJWSHh90bqak5ZIW\nNY6Ty2TnImZmLZTo2QZzgU8NcX52RExpHDl7lGzGz8TMrIX2n4lFxHxJew7xpY7ddvpKzMxaKHUl\n1swlkhZLur5M929wETOzlko2ntzcHGBSREym3otydpnsfDtpZi00u8paACzMHi0iVg369DrgnjaS\n2sBFzMxaaLa9/IG8dy/w7zQbQAx6BiZpQqPrN8CZwJNlsnMRM7MW2n+wL+kW6jMTd5L0a2AmcJyk\nycC71GcMTi+TnYuYmbXQ/rKjiDh7iNNz289lcy5iZtaClx3FuNVprdhWj0tf1gFvZOXx86glxx6u\nnDdLjkgP/ep2yaFxXN40Gj2R/nM86NL0tTaPHZax3ifnycY5GbEAMzJ+T+/P+N5lLPfJ+Zl84e6/\nTx8YuPnIL6YHP3xzahYdWnZ0b2L0NLdsM7MqqvaVmIuYmbXgrXjMrKc1m2JRDS5iZtaCr8TMrKf5\nmZiZ9bRqX4l1bQH4+gd/1q2XHgEPdTuB4fVGX7czGF7r+7qdQcV0fAF4R3WtiPU/NJqL2PxuJzC8\n3uzrdgbDq7+v2xlUzLBsxdMxvp00sxb8TMzMelq1p1iMTLcjM+uKDiw7WgoMtb30UJZFxMQyr9eO\nYS9iZmbDydtTm1lPcxEzs57mImZmPc1FzMx6mouYmfW0/w9lswXgrxZSKQAAAABJRU5ErkJggg==\n",
      "text/plain": [
       "<matplotlib.figure.Figure at 0xacd36d8>"
      ]
     },
     "metadata": {},
     "output_type": "display_data"
    }
   ],
   "source": [
    "# times slice to use for the distance calculation\n",
    "start = 300\n",
    "end = 450\n",
    "# make an array of the labels for the data:\n",
    "labels = np.array([[1,2]])\n",
    "labels = np.repeat(labels, 12, axis=1).flatten()\n",
    "\n",
    "all_data = []\n",
    "for i in range(1,21):\n",
    "    selector = []\n",
    "    for w in sorted(ethanol_water.keys()):\n",
    "        selector_data = ethanol_water[w]['S'+str(i)]\n",
    "        selector_data = selector_data.T.fillna(selector_data.mean(axis=1)).T \n",
    "        selector.append(selector_data)\n",
    "    selector = pd.concat(selector, axis=1)\n",
    "    selector = selector.values.T\n",
    "    selector = selector[:, start:end]\n",
    "    all_data.append(selector)\n",
    "water_distances = []\n",
    "ethanol_distances = []\n",
    "for s1 in all_data:\n",
    "    for s2 in all_data:\n",
    "        water_dis, ethanol_dis = dist_water_and_ethanol(s1,s2)\n",
    "        water_distances.append(water_dis)\n",
    "        ethanol_distances.append(ethanol_dis)\n",
    "water_distances = np.asarray(water_distances)\n",
    "water_distances = water_distances.reshape((20,20))\n",
    "ethanol_distances = np.asarray(ethanol_distances)\n",
    "ethanol_distances = ethanol_distances.reshape((20,20))\n",
    "print(water_distances)\n",
    "\n",
    "# dist_lin = pdist(all_data)\n",
    "fig = plt.figure()\n",
    "# max_dist = 30\n",
    "# water_distances[water_distances > max_dist] = max_dist\n",
    "# ethanol_distances[ethanol_distances > max_dist] = max_dist\n",
    "ax = fig.add_subplot(111)\n",
    "cax = ax.matshow(water_distances)\n",
    "fig.colorbar(cax)\n",
    "plt.show()\n",
    "\n",
    "fig = plt.figure()\n",
    "ax = fig.add_subplot(111)\n",
    "cax = ax.matshow(ethanol_distances)\n",
    "fig.colorbar(cax)\n",
    "plt.show()"
   ]
  },
  {
   "cell_type": "markdown",
   "metadata": {},
   "source": [
    "The following cell is for just plotting the heatmaps of distances with an all-to-all comparision of the individual selectors"
   ]
  },
  {
   "cell_type": "code",
   "execution_count": 51,
   "metadata": {
    "collapsed": false
   },
   "outputs": [
    {
     "name": "stdout",
     "output_type": "stream",
     "text": [
      "Selector number: 1\n"
     ]
    },
    {
     "data": {
